3 4 17 3 11
------------------------
6 4 17 3 11
3
------------------------
6 4 17 5 11
3 3
------------------------
6 5 17 5 11
3 3 4
------------------------
6 3 17 5 11
3 3 4 5
------------------------
6 3 17 5 11
3 3 4 5 5
------------------------
6 3 17 3 11
3 3 4 5 5 5
------------------------
3 3 17 3 11
3 3 4 5 5 5 6
------------------------
3 3 17 3 22
3 3 4 5 5 5 6 11
------------------------
3 3 14 3 22
3 3 4 5 5 5 6 11 17
------------------------
3 3 14 3 7
3 3 4 5 5 5 6 11 17 22
------------------------
3 3 14 3 7
3 3 4 5 5 5 6 11 17 22
3
------------------------
3 3 14 16 7
3 3 4 5 5 5 6 11 17 22
3 3
------------------------
3 14 14 16 7
3 3 4 5 5 5 6 11 17 22
3 3 3
------------------------
7 14 14 16 7
3 3 4 5 5 5 6 11 17 22
3 3 3 3
------------------------
7 14 14 16 16
3 3 4 5 5 5 6 11 17 22
3 3 3 3 7
------------------------
20 14 14 16 16
3 3 4 5 5 5 6 11 17 22
3 3 3 3 7 7
------------------------
20 3 14 16 16
3 3 4 5 5 5 6 11 17 22
3 3 3 3 7 7 14
------------------------
20 3 16 16
3 3 4 5 5 5 6 11 17 22
3 3 3 3 7 7 14 14
------------------------
20 3 16
3 3 4 5 5 5 6 11 17 22
3 3 3 3 7 7 14 14 16 
------------------------
20 3 
3 3 4 5 5 5 6 11 17 22
3 3 3 3 7 7 14 14 16 16
------------------------
3 
3 3 4 5 5 5 6 11 17 22
3 3 3 3 7 7 14 14 16 16 20 
------------------------

3 3 4 5 5 5 6 11 17 22		3
3 3 3 3 7 7 14 14 16 16 20 
------------------------
		3
3 3 3 3 3 3 4 5 5 5 6 7 7 11 14 14 16 16 20 22
------------------------
