7 8 21 7 15 10 9 9 7 9 7 7 26 18 11 7 20 18 11 20 24 7
--
7 7 8 21	7 11 18 26
9 9 10 15	11 18 20 20
7 7 7 9		7 24




------------------------------------------
7 7 8 21	7 11 18 26
9 9 10 15	11 18 20 20
7 7 7 9		7 24			7 9 7



------------------------------------------
x 7 8 21	7 11 18 26
9 9 10 15	11 18 20 20
7 7 7 9		7 24			7 9 7
7

------------------------------------------
x x 8 21		7 11 18 26
9 9 10 15	11 18 20 20
7 7 7 9		7 24			8 9 7
7 7

------------------------------------------
x x 8 21		7 11 18 26
9 9 10 15	11 18 20 20
x 7 7 9		7 24			8 9 7
7 7 7

------------------------------------------
x x 8 21		7 11 18 26
9 9 10 15	11 18 20 20
x x 7 9		7 24			8 9 7
7 7 7 7

------------------------------------------
x x 8 21		7 11 18 26
9 9 10 15	11 18 20 20
x x x 9		7 24			8 9 9
7 7 7 7 7

------------------------------------------
x x x 21		7 11 18 26
9 9 10 15	11 18 20 20
x x x 9		7 24			21 9 9
7 7 7 7 7 8

------------------------------------------
x x x 21		7 11 18 26
x 9 10 15	11 18 20 20
x x x 9		7 24			21 9 9
7 7 7 7 7 8 9

------------------------------------------
x x x 21		7 11 18 26
x x 10 15	11 18 20 20
x x x 9		7 24			21 10 9
7 7 7 7 7 8 9 9 

------------------------------------------
x x x 21		7 11 18 26
x x 10 15	11 18 20 20
x x x x		7 24			21 10 x
7 7 7 7 7 8 9 9 9

------------------------------------------
x x x 21		7 11 18 26
x x x 15	11 18 20 20
x x x x		7 24			21 15 x
7 7 7 7 7 8 9 9 9 10

------------------------------------------
x x x 21		7 11 18 26
x x x x		11 18 20 20
x x x x		7 24			21 x x
7 7 7 7 7 8 9 9 9 10 15

------------------------------------------
x x x x 	7 11 18 26
x x x x		11 18 20 20
x x x x		7 24			x x x
7 7 7 7 7 8 9 9 9 10 15 21

------------------------------------------
x x x x 	7 11 18 26
x x x x		11 18 20 20
x x x x		7 24			x x x
7 7 7 7 7 8 9 9 9 10 15 21

------------------------------------------







------------------------------------------







------------------------------------------







------------------------------------------







------------------------------------------







------------------------------------------







------------------------------------------







------------------------------------------







------------------------------------------







------------------------------------------







------------------------------------------







------------------------------------------







------------------------------------------













------------------------------------------







------------------------------------------







------------------------------------------







------------------------------------------







------------------------------------------







------------------------------------------







------------------------------------------






