8 13 19 4 17 2 0 11 0 2 0 14 1 0 11 0 13 2 4 0 3 0
--
8 





------------------------------------------
13 19 4 17 2 0 11 0 2 0 14 1 0 11 0 13 2 4 0 3 0
--
8 






------------------------------------------
19 4 17 2 0 11 0 2 0 14 1 0 11 0 13 2 4 0 3 0
--
8 13






------------------------------------------
19 4 2 0 11 0 2 0 14 1 0 11 0 13 2 4 0 3 0
--
8 13 17






------------------------------------------
19 4 2 0 11 0 2 0 14 1 0 11 0 13 2 4 0 3 0
--
8 13 17 19 






------------------------------------------
19 4 0 11 0 2 0 14 1 0 11 0 13 2 4 0 3 0
--
8 13 17 19 
2 






------------------------------------------
19 0 11 0 2 0 14 1 0 11 0 13 2 4 0 3 0
--
8 13 17 19 
2 4






------------------------------------------
19 0 0 2 0 14 1 0 11 0 13 2 4 0 3 0
--
8 13 17 19 
2 4 11






------------------------------------------
0 0 2 0 14 1 0 11 0 13 2 4 0 3 0
--
8 13 17 19 
2 4 11 19






------------------------------------------
0 2 0 14 1 0 11 0 13 2 4 0 3 0
--
8 13 17 19 
2 4 11 19
0 






------------------------------------------
2 0 14 1 0 11 0 13 2 4 0 3 0
--
8 13 17 19 
2 4 11 19
0 0 






------------------------------------------
2 14 1 0 11 0 13 2 4 0 3 0
--
8 13 17 19 
2 4 11 19
0 0 0 






------------------------------------------
2 14 0 11 0 13 2 4 0 3 0
--
8 13 17 19 
2 4 11 19
0 0 0 1






------------------------------------------
14 0 11 0 13 2 4 0 3 0
--
8 13 17 19 
2 4 11 19
0 0 0 1 2 







------------------------------------------
14 0 0 13 2 4 0 3 0
--
8 13 17 19 
2 4 11 19
0 0 0 1 2 11 






------------------------------------------
0 0 13 2 4 0 3 0
--
8 13 17 19 
2 4 11 19
0 0 0 1 2 11 14 






------------------------------------------
0 13 2 4 0 3 0
--
8 13 17 19 		0 
2 4 11 19
0 0 0 1 2 11 14 






------------------------------------------
13 2 4 0 3 0
--
8 13 17 19 		0 0 
2 4 11 19
0 0 0 1 2 11 14 






------------------------------------------
13 4 0 3 0
--
8 13 17 19 		0 0 2 
2 4 11 19
0 0 0 1 2 11 14 






------------------------------------------
13 0 3 0
--
8 13 17 19 		0 0 2 4 
2 4 11 19
0 0 0 1 2 11 14 






------------------------------------------
0 3 0
--
8 13 17 19 		0 0 2 4 13 
2 4 11 19
0 0 0 1 2 11 14 



------------------------------------------
3 0
--
8 13 17 19 		0 0 2 4 13 
2 4 11 19		0 
0 0 0 1 2 11 14 

------------------------------------------
3 
--
8 13 17 19 		0 0 2 4 13 
2 4 11 19		0 0 
0 0 0 1 2 11 14 



------------------------------------------

--
8 13 17 19 		0 0 2 4 13 
2 4 11 19		0 0 3 
0 0 0 1 2 11 14 



-------------------------------------------
8 13 17 19 		0 0 2 4 13 
2 4 11 19		0 0 3 
0 0 0 1 2 11 14 

0 0 0 1 2 2 4 8 11 11 13 14 17 19 19
0 0 0 0 2 3 4 13

-------------------------------------------
0 0 0 0 0 0 0 1 2 2 2 3 4 4 8 11 11 13 13 14 17 19 19

